Här börjar filen?
19332180
691303094
393076337
962406529
944786725
168458368
750771194
592552459
585701504
545193027
923707227
140498702
367434592
323179323
616372469
466434755
51895744
329262598
500794809
301275621
719528196
96417904
338391041
779826673
561257617
127072695
964599257
320434696
840196187
472723959
390438552
271186821
284103350
980741283
201533453
734103566
898972828
886393386
280843240
620911998
626076678
842918083
403395763
68240081
512328230
255357742
199099749
485400481
915609066
957527552
709692375
637686629
77266076
390948900
752026726
320388733
821454991
523333865
599915345
168125005
688942852
977787910
323254915
232778253
337313310
435662342
320749678
414364283
779886459
208539596
637550399
381283468
726247565
373430861
124777650
995536299
516559
163834252
583890824
70022022
324201305
452212180
768626594
569601898
31338835
40789080
708267860
72575120
686320360
515029554
152852149
752521333
276665153
192867866
800557558
744282708
449858477
550443689
918953456
818057551
508847832
787321897
429901181
697887225
212011698
1688817
340349958
455236409
424029657
72215387
121079677
709843103
603962689
442304235
154311381
384945727
491250240
269303256
735827568
495835986
101434224
306894892
359920770
270864651
646033390
416309051
377768704
431747529
926257481
959029210
90887900
987611195
914682678
985791696
699430212
398687613
292929127
713702731
787029385
914735645
447665166
646451633
392674480
524676897
504550659
587366196
499409385
605527403
355877225
296213633
682860473
181624781
185779687
211010307
856536642
301331659
808746623
889736957
501794843
367747484
394979108
492990174
633333281
290540680
154061890
415831911
791713761
693683986
728696817
804181548
206634218
271531463
5587292
419295020
553817890
609955757
154558623
904694490
478592416
520228313
750482365
254154597
445176490
392993064
316792511
564582142
982520229
618262196
430319399
59411290
756922192
558331263
837901949
485595757
124300728
650897972
413477421
521719486
190305013
636987087
359683440
357837767
914750853
682629729
673007690
336524651
909036341
168138813
87093888
473180444
768668748
136854786
932925937
841416185
730233673
155493159
655501671
201583762
720543453
579610951
784721218
128430586
54208266
664775317
206918580
216426829
829765209
12643662
140314087
686271045
941764630
854316413
493689353
251296661
277251937
401246760
793413938
296940931
414620666
378561149
618974487
738682884
37899784
735469816
771717366
325980507
234212721
17180067
738889000
784343677
162733312
886067151
391579216
640819193
254357575
799779052
430029274
599930317
106368133
381009288
256512413
922595592
736811679
65641529
204641028
204064151
120839026
998627062
957144974
709978690
253820778
564995552
281846592
844755883
423497473
86179804
441862047
639626391
745073624
611407074
7159290
625958993
363932995
613158328
898096733
657470051
491264701
723737572
554924404
191889129
587207864
817221017
931109420
342748707
989214806
827007739
915127843
792870173
910604064
891026921
267857308
293675075
992474436
576497844
800139921
474516600
769460390
828913352
30521721
488143626
935342833
398105469
118150731
494654487
762559322
315195725
916673983
707142723
966929063
27472735
302932528
40855416
959345488
375273205
806979529
316764040
546808169
801457969
232905010
839319384
222675581
681912474
334255799
213811429
280535853
486507299
867020020
133018510
372989814
863239737
536907553
560756931
17027719
327138975
238202837
126288182
626430584
424491435
815703246
370043462
168936173
640517013
769731360
181784852
180470855
832817872
436803976
941567308
315936391
949316304
551506164
689006077
455013419
772928153
417075347
180953155
241615702
515843739
238233873
816385761
784682404
588365762
56377883
221846975
55073701
410971812
620413398
419362622
357070039
89428196
834107060
998665578
871158513
851293644
862364226
478956910
250634040
455799003
399125290
414656129
717627687
968295198
822933276
881956872
305369969
501432195
947650101
191332305
328268867
614460162
822839032
600884960
512232882
504691573
892915770
554460145
452698752
409667940
587935196
354135711
616900555
948396299
902115782
297160703
961671001
934979419
420393581
645079533
873243250
487265500
774951650
327349897
934517114
496744473
546470034
181171412
437027366
108536403
884865320
954470423
755890326
944796921
445999367
189773870
221981257
212403233
945696026
875789353
731624158
180026926
116195692
665208633
601503080
873336253
462918612
328894979
195057721
988745915
511528501
367673913
782900163
575409291
934605308
708237508
867496191
983057781
504974533
748084184
136136010
386432545
756809889
692194199
564145674
196411114
149414437
375023343
253516180
144603085
292010288
788867069
884703274
432040628
424899637
15521781
75848659
455245024
376010088
586053579
647130332
173630322
73017282
553211750
714446732
311201806
427389819
896248693
353670201
180485446
955444054
356294605
354078615
835418019
497377296
741625221
566112429
670985209
479606007
758934933
719233046
278797553
65691828
429391453
914115751
301859295
3271657
495778774
598722976
3346195
663463634
745058968
289969113
940027520
501393254
665668004
983957953
771900278
684828337
183660856
336806486
722087168
20474650
696110749
169028530
284334662
488553931
530675295
222156571
225019992
776422549
514430817
66000944
16708468
280299996
690780626
763465810
134279997
244996707
484767940
331008378
512252169
351689071
992834006
306616394
799443714
420949984
476030791
411962637
274279468
557047186
290948564
494522973
327257654
995766228
610794755
239560785
325110487
682313543
977113644
811184460
914800132
949176687
290831954
776234382
863956847
18946019
749834740
634302402
523615016
734155721
697892837
418718563
579991040
476255670
798665494
5630911
271245394
365901038
21958789
51735260
446224052
875539817
935877844
402997892
514345660
973135455
160009331
239600176
444952850
424292943
964446551
428696330
203414006
278681666
361653057
420027363
209846943
942956521
503100236
830986394
853310885
69707811
919433947
628449461
146323129
508347015
973554651
47798432
549189884
961009971
529667640
460074657
817414055
886659319
812107715
289183915
284065435
996111746
273941609
531555176
415349508
319293123
924744949
472819997
66728723
863527440
824110236
485571276
979783757
103007489
669399587
950862441
346061028
199109751
361927057
845170094
19114867
255569459
34834347
15097357
9607211
487519531
228740323
89481382
760672885
55387450
574397703
87221368
626042098
4523983
680517847
443895353
28990155
312339555
574848990
29734898
435013851
642213812
980615779
526154184
627682678
547894066
85093354
143809374
203397801
219173133
187050943
364837282
383971858
273013731
761894778
61716309
330479246
529032449
663685803
873105166
561487897
564989014
293819421
451309129
103728092
907242327
486605590
623954140
127640558
745652150
622495760
63858732
802776045
481670197
891239839
492035002
844031935
352810193
237384567
563524607
21119928
170080803
114842682
21718674
278874726
248095541
536050711
500999645
34132479
888449135
652303777
617354826
574546742
739089281
924474019
866041342
633929796
994609052
779305682
282358563
201911143
27503978
388998270
834225770
795231614
970708174
924369528
475025469
558284120
899063308
509357666
161527512
567530300
427196002
293980563
198309097
396109273
609677189
809909420
399815531
468974757
66055551
85398777
376749527
499168093
964069664
117314881
728284167
366297721
884637666
425655817
884872739
684034514
513537453
568454659
944237992
209027984
616559879
727555270
743475736
456525742
464036838
167697279
421344943
21806321
178457370
390796717
101151727
747829450
673776457
311468862
129332182
326643514
84796317
749358687
172554270
894955843
622762363
752703793
2011760
808711368
905702289
409301994
864174370
42050074
913377391
237767032
431332615
462673172
410628214
396986517
930148857
692829730
114201350
181014403
763386619
456977119
607194032
341486281
131691991
88441098
262216393
815614896
890130339
271303101
682428885
749957856
699033604
231604589
297746093
629635190
72700258
617496981
898715253
37376237
682044324
235506898
828478760
28712061
157675746
57739950
326854135
779267363
136761598
972403722
414132547
223251503
831818294
68722333
389664620
307508749
670001941
946773527
247494835
962502950
181710838
149463243
201177923
439284243
240018891
637983085
31694288
104871833
800593873
997016975
847046372
800037779
892225500
320880930
86039026
327029189
425052637
575965426
429686445
605884399
947249588
405644133
64853213
700795162
713192482
103335132
556275905
826343200
914592596
988259883
140864139
534357709
22591972
174471034
454425287
523993480
7658078
105240419
276014038
572361346
879724157
798770655
944191759
968707563
895289222
785021662
126308193
179718978
306767685
347315180
447671324
676870256
474449827
890686396
372808756
478886197
705278510
38838777
739671493
671104408
348563230
789622903
538698284
122461635
376151829
557762764
383264043
166453539
468232716
381928948
469774987
964117904
346852701
821642406
819998652
302706545
59655106
199169808
95104280
374844715
383606599
862700584
22882227
287612220
505136592
72971920
958634922
287555321
740104882
35173179
677626777
293971238
801622665
451640860
772615121
617148299
427843940
440402033
695135932
716551188
122267664
615638566
247613143
778393737
20102204
804862155
609046411
718523060
828097746
330059557
851625114
364423331
903753575
184263669
311818210
988274319
259020206
735296061
528123718
170693274
220543517
791983948
689797430
395792735
243826518
767126291
919058182
530607636
897089530
935333150
610724473
790585861
421033766
457594803
737617573
718118720
565149908
934861574
505272641
757497342
227768986
365241790
713429943
143735074
703552618
1672434
4903182
971933474
411246942
957319921
102187921
232313423
929392224
622542560
529010871
243961385
204167045
259729077
905337933
38618861
937540020
937078897
4460465
92661303
881164205
328914638
155168867
469814058
597495810
841376208
här slutar filen